10005128
10005141
10005233
10006621
10006919
10007317
10009327
10010037
10010302
10010341
10010401
10010418
10010639
10010731
10011013
10011029
10011229
10011339
10011401
10011937
10012025
10012113
10012229
10014224
10014526
10016440
10018741
10019127
10022617
10023025
10023201
10023503
10023725
10023905
10023917
10024341
10025708
10025710
10025804
10025834
10027225
10027811
10027823
10033542
10033701
10033841
10034524
10034940
10035226
10035318
10035330
10035642
10036726
10037920
10039314
10040023
10040638
10045240
10045302
10045330
10045336
10045408
10045828
10046103
10054007
10054231
10054409
10062722
10080833
10083142
10083223
10090534
10094119
10094206
10094528
10106604
10106639
10106827
10106836
10107141
10107217
10107805
10110530
10111114
10117833
10132111
10133139
10138825
10139017
10139022
10139834
10143009
10143303
10144237
10144501
10145517
10145539
10146803
10146824
10146835
10147102
10147202
10147228
10147238
10147537
10147808
10147912
10148105
10153522
10160022
10163416
10163516
10165324
10169037
10169113
10169203
10169213
10170237
10170337
10170817
10171339
10171425
10174635
10176839
10177025
10177037
10177204
10191202
10192139
10192808
10192828
10193101
10193338
10193616
10194140
10195237
10203027
10203037
10204708
10204710
10208618
10208635
10215922
10215928
10217712
10217918
10219237
10224140
10226125
10230907
10231011
10231026
10231140
10231340
10231402
10233139
10233225
10234409
10235027
10235439
10235613
10235617
10236433
10237435
10239042
10239902
10239938
10240102
10240214
10240602
10241318
10241430
10241918
10242434
10244322
10245513
10249434
10250432
10272405
10272901
10272918
10273506
10273538
10274815
10274831
10275007
10278015
10284303
10289642
10301818
10305015
10306639
10315619
10315933
10316511
10316608
10316720
