10123821
10131724
10292915
10142339
10049438
10005024
10105503
10260518
10160713
10023427
10305207
10054820
10250426
10143811
10201605
10136134
10270441
10253515
10225937
10155325
10071605
10227705
10105915
10033342
10204212
10158504
10236838
10008233
10291216
10159811
10149811
10235806
10048906
10217526
10267717
10172022
10246707
10158142
10047523
10222640
10143209
10105039
10040338
10106239
10140215
10005024
10007723
10246426
10134105
10160713
10260518
10267933
10023427
10305207
10256439
10004236
10135617
10105517
10134313
10250426
10076536
10143811
10144607
10201605
10135636
10090122
10242935
10223015
10265332
10247617
10269017
10243223
10009903
10143537
19340104
10136022
10019428
10040928
10226001
10253515
10157942
10136208
10097104
10213215
10186704
10216440
10088232
10112322
10000903
10010603
10105915
10204212
10047819
10136334
10226429
10267234
10131920
10011137
10266116
10269215
10056926
10039616
10180512
10236702
10158504
10186840
10256617
10112932
10142241
10201119
10017021
10006915
10105939
10041117
10243023
10131732
10012237
10017827
10019801
10095634
10022117
10245928
10105637
10227117
10301630
10008121
10104217
10140115
10291216
10218438
10158516
10243431
10172508
10021039
10144141
10036613
10134922
10017233
10009505
10161929
10186718
10189534
10243721
10039906
10136939
10237228
10235806
10242707
10089824
10113611
10136617
10165925
10240610
10256239
10215728
10164739
10242733
10017527
10222039
10172220
10267717
10172022
10267232
10160821
10036817
10158142
10251834
10004334
10124523
10242923
10070029
10213614
10243331
10201920
10140727
10145439
10247541
10172032
10133813
10056540
10034430
10267418
10225913
10219201
10245609
10280832
10189241
10157914
10186926
10204508
10157916
10222640
10139525
10190813
10228039
10094013
10185436
10018942
10228125
10047235
10284237
10224913
10157711
10217940
10212340
10133817
10226427
10005524
10201934
10161303
10228625
10264916
10021413
10295003
10137202
10023234
10165005
10243312
10263834
10197205
10008617
10243108
10247114
10291218
10249640
10299236
10201712
10266802
10131520
10105729
10148923
10164903
10186608
10216128
10022925
10156634
10186824
10282902
10010827
10226903
10008417
10270539
10090740
10127428
10183613
10185516
10185126
10259840
10245916
10022017
10241128
10027934
10134920
10245309
10243412
10021215
10231412
10250124
10178012
10226517
10271015
10017231
10241302
10123707
10111922
10150221
10161820
10135822
10240326
10161710
10254434
10201337
